6
86
0 "Black Dragon Mage Playtest" 0
1 "Supipara - Chapter 1 Spring Has Come!" 0
2 "Mystery Solitaire The Black Raven" 0
3 "버튜버 파라노이아 - Vtuber Paranoia" 0
4 "Maze Quest VR" 0
5 "Agony VR" 0
6 "Armored Brigade II" 0
7 "Galacatraz: Eject Equip Escape" 0
8 "Hepta Beats" 0
9 "MUMBA IV: Egypt Jewels" 0
10 "Codename: Warlock Playtest" 0
11 "OMNIMUS" 0
12 "Fantasy General II" 0
13 "Forests, Fields and Fortresses" 0
14 "DogDogDog" 0
15 "Bacon Quest - Lovers' Beef Special Edition" 0
16 "Challenge from the Black Cat" 0
17 "Redline" 0
18 "Midnight Dash" 0
19 "Fantasy Amusement Park" 0
20 "Black Market" 0
21 "Evertried" 0
22 "Zombie World" 0
23 "RPG Plus - Virtual Tabletop" 0
24 "CyberVault Playtest" 0
25 "A Night In Omar's Burger Playtest" 0
26 "Bad North: Jotunn Edition" 0
27 "Lucky Night: Texas Hold'em VR" 0
28 "They Yearn For The Mines" 0
29 "Zooblies" 0
30 "COGEN: Sword of Rewind / COGEN: 大鳥こはくと刻の剣" 0
31 "DrumKit VR - Play drum kit in the world of VR" 0
32 "Wizard Shrimp" 0
33 "Controller Sync" 0
34 "Epic Arena" 0
35 "Pixel Game Maker Series Werewolf Princess Kaguya" 0
36 "Master Of Squad" 0
37 "Spookstopia: Atomic Division" 0
38 "OPERATION TEMPLE" 0
39 "Blaster Multiplayer" 0
40 "Fateless" 0
41 "MazeBot" 0
42 "The Metronomicon: Slay The Dance Floor" 0
43 "Hapless" 0
44 "BRUTALISMUS: Dystopia" 0
45 "Ortheo's Interdimensional Jam Session" 0
46 "Spider-Guy: Trapped in the Cheese Place" 0
47 "謎解き二十部屋" 0
48 "Virus at Home" 0
49 "Carnegie" 0
50 "Room Escape: Open Doors" 0
51 "Dark and Deep Playtest" 0
52 "Who is Paul" 0
53 "I fell from Grace" 0
54 "Evan's Remains" 0
55 "筠宝大冒险" 0
56 "Seed of Pandora: Legend of the Gaia Tree" 0
57 "Zero-G Gunfight" 0
58 "Escape The Manor" 0
59 "Hey! Here are some letters" 0
60 "Simulators2021" 0
61 "Food Truck Monopoly" 0
62 "Finding Fate" 0
63 "Galvanized" 0
64 "ENOH" 0
65 "Eastshade" 0
66 "Martha Madison: Simple Machines Volume 1" 0
67 "Shadow of the Tomb Raider: Definitive Edition" 0
68 "ARCHiTECTUS" 0
69 "New kind of adventure" 0
70 "Homing Instinct" 0
71 "Tales of Sintra: The Dark Vortex" 0
72 "Block Pieces - 3D Jigsaw Puzzle" 0
73 "Hole in Won" 0
74 "Funguys Swarm" 0
75 "Museum No.9" 0
76 "POLAR" 0
77 "Geek Resort" 0
78 "Chronosurge: Echoes of the Void" 0
79 "Rowen's Grand Adventure" 0
80 "Aeroplanoui" 0
81 "Chasing Tails ~A Promise in the Snow~" 0
82 "VSS - Virtual Streaming Software" 0
83 "TIMEGAL HD-Remaster" 0
84 "Natsu no Sagashimono ~What We Found That Summer~" 0
85 "Touhou Bunkachou ～ Shoot the Bullet." 0
1408
1 5 20
1 11 25
1 38 15
1 43 16
1 46 16
1 54 20
1 79 20
1 81 20
1 83 18
2 9 15
2 13 17
2 29 25
2 32 20
2 33 18
2 49 15
2 50 27
2 54 28
2 59 20
2 62 18
2 72 24
2 73 16
3 7 25
3 9 25
3 19 33
3 20 100
3 27 20
3 36 28
3 41 33
3 43 20
3 44 75
3 45 20
3 46 20
3 47 50
3 50 25
3 55 33
3 58 18
3 59 22
3 60 15
3 61 66
3 66 66
3 68 30
3 75 15
3 77 66
3 78 50
3 79 25
3 80 18
4 5 33
4 7 33
4 18 40
4 22 16
4 36 33
4 39 50
4 40 20
4 41 16
4 45 25
4 46 25
4 63 100
4 74 100
4 78 25
4 82 25
5 1 20
5 4 33
5 7 33
5 18 40
5 22 40
5 38 18
5 39 50
5 40 20
5 41 16
5 43 25
5 44 20
5 45 25
5 46 66
5 63 33
5 74 33
5 78 25
5 79 33
6 12 18
6 26 17
7 3 25
7 4 33
7 5 33
7 9 28
7 18 40
7 20 25
7 22 40
7 36 33
7 39 50
7 40 20
7 41 40
7 44 20
7 45 66
7 46 66
7 47 25
7 58 20
7 63 33
7 64 25
7 66 33
7 74 33
7 78 66
7 79 33
7 80 20
7 85 15
8 42 22
8 58 15
8 59 16
8 66 15
9 2 15
9 3 25
9 7 28
9 13 26
9 16 21
9 18 20
9 20 25
9 22 20
9 28 21
9 29 23
9 32 17
9 33 27
9 34 15
9 36 44
9 41 33
9 44 22
9 45 25
9 46 25
9 47 25
9 49 18
9 50 40
9 52 15
9 53 15
9 54 17
9 57 17
9 58 41
9 59 36
9 60 18
9 64 36
9 66 28
9 72 22
9 73 25
9 75 17
9 78 42
9 80 21
9 85 17
11 1 25
11 37 25
11 44 15
11 46 16
11 50 20
11 52 18
11 53 26
11 54 24
11 56 24
11 60 15
11 62 17
11 64 18
11 65 19
11 69 16
11 79 18
11 81 24
12 6 18
12 34 21
13 2 17
13 9 26
13 32 23
13 33 17
13 35 20
13 36 15
13 49 21
13 50 20
13 54 15
13 56 15
13 58 17
13 59 19
13 72 19
13 73 20
13 75 15
14 28 19
14 37 15
14 48 16
14 50 16
14 52 24
14 54 20
14 60 17
14 64 16
14 65 28
14 69 19
14 70 29
14 72 17
14 73 21
14 75 17
14 81 17
15 22 20
15 23 50
15 36 16
15 43 33
15 47 33
16 9 21
16 29 33
16 30 15
16 33 18
16 35 16
16 38 23
16 40 16
16 41 15
16 54 15
16 57 15
16 58 17
16 64 20
16 67 15
16 72 15
16 73 21
16 80 17
16 83 18
16 85 15
17 40 20
17 52 15
18 4 40
18 5 40
18 7 40
18 9 20
18 22 42
18 28 16
18 34 18
18 36 37
18 37 27
18 39 20
18 40 28
18 41 25
18 44 28
18 45 60
18 46 60
18 50 20
18 52 17
18 53 18
18 58 15
18 63 40
18 64 18
18 66 16
18 68 15
18 69 25
18 74 40
18 78 33
18 79 40
18 80 15
19 3 33
19 20 33
19 27 33
19 36 16
19 41 20
19 43 33
19 44 25
19 47 33
19 55 100
19 61 50
19 66 50
19 77 50
19 78 33
20 3 100
20 7 25
20 9 25
20 19 33
20 27 20
20 36 28
20 41 33
20 43 20
20 44 75
20 45 20
20 46 20
20 47 50
20 50 25
20 55 33
20 58 18
20 59 22
20 60 15
20 61 66
20 66 66
20 68 30
20 75 15
20 77 66
20 78 50
20 79 25
20 80 18
21 26 20
21 32 17
21 33 16
21 35 15
21 56 17
21 75 17
22 4 16
22 5 40
22 7 40
22 9 20
22 15 20
22 18 42
22 23 16
22 28 16
22 31 16
22 36 37
22 37 16
22 39 20
22 41 25
22 42 19
22 43 33
22 44 28
22 45 33
22 46 60
22 47 33
22 50 20
22 52 17
22 53 18
22 58 15
22 63 16
22 64 18
22 66 16
22 69 25
22 71 22
22 74 16
22 78 33
22 79 40
22 80 15
23 15 50
23 22 16
23 36 33
23 43 25
23 47 25
26 6 17
26 21 20
27 3 20
27 19 33
27 20 20
27 31 25
27 40 16
27 43 20
27 44 16
27 45 20
27 47 20
27 55 33
27 61 25
27 66 25
27 77 25
27 78 20
28 9 21
28 14 19
28 18 16
28 22 16
28 29 15
28 32 24
28 33 23
28 35 21
28 36 15
28 38 17
28 41 16
28 42 24
28 44 17
28 46 18
28 48 19
28 50 21
28 54 16
28 56 16
28 57 20
28 58 18
28 65 20
28 70 18
28 71 15
28 72 16
28 73 26
28 78 18
28 80 18
29 2 25
29 9 23
29 16 33
29 28 15
29 30 17
29 32 21
29 33 25
29 35 18
29 37 21
29 38 25
29 50 23
29 54 30
29 57 17
29 58 20
29 59 15
29 60 18
29 64 15
29 72 21
29 73 22
29 83 27
29 84 16
30 16 15
30 29 17
30 35 22
30 37 16
30 38 24
30 52 16
30 54 21
30 56 21
30 62 16
30 67 17
30 83 16
30 85 17
31 22 16
31 27 25
32 2 20
32 9 17
32 13 23
32 21 17
32 28 24
32 29 21
32 33 20
32 35 31
32 37 16
32 41 19
32 42 17
32 50 17
32 54 17
32 56 25
32 57 17
32 58 15
32 65 17
32 71 16
32 78 15
32 85 17
33 2 18
33 9 27
33 13 17
33 16 18
33 21 16
33 28 23
33 29 25
33 32 20
33 35 17
33 36 22
33 38 17
33 41 16
33 42 20
33 48 15
33 49 15
33 50 21
33 54 16
33 56 20
33 57 24
33 58 18
33 72 28
33 73 26
33 75 16
33 78 18
33 80 23
33 83 25
33 85 16
34 9 15
34 12 21
34 18 18
34 36 16
34 45 22
35 13 20
35 16 16
35 21 15
35 28 21
35 29 18
35 30 22
35 32 31
35 33 17
35 37 17
35 38 20
35 41 15
35 42 18
35 54 18
35 56 22
35 57 18
35 75 15
35 80 16
35 83 22
36 3 28
36 4 33
36 7 33
36 9 44
36 13 15
36 15 16
36 18 37
36 19 16
36 20 28
36 22 37
36 23 33
36 28 15
36 33 22
36 34 16
36 37 15
36 39 16
36 41 37
36 43 28
36 44 25
36 45 28
36 46 28
36 47 50
36 50 18
36 55 16
36 58 23
36 59 16
36 63 33
36 64 16
36 66 33
36 68 23
36 69 23
36 74 33
36 75 18
36 78 50
37 11 25
37 14 15
37 18 27
37 22 16
37 29 21
37 30 16
37 32 16
37 35 17
37 36 15
37 38 17
37 42 16
37 44 18
37 46 20
37 49 15
37 50 33
37 52 20
37 53 30
37 54 26
37 56 16
37 60 16
37 69 26
37 75 16
37 79 22
37 85 15
38 1 15
38 5 18
38 16 23
38 28 17
38 29 25
38 30 24
38 33 17
38 35 20
38 37 17
38 42 19
38 46 16
38 50 20
38 54 24
38 80 16
38 83 33
39 4 50
39 5 50
39 7 50
39 18 20
39 22 20
39 36 16
39 40 25
39 41 20
39 45 33
39 46 33
39 63 50
39 74 50
39 78 33
40 4 20
40 5 20
40 7 20
40 16 16
40 17 20
40 18 28
40 27 16
40 39 25
40 45 40
40 46 16
40 63 20
40 74 20
40 76 15
40 78 16
40 80 16
41 3 33
41 4 16
41 5 16
41 7 40
41 9 33
41 16 15
41 18 25
41 19 20
41 20 33
41 22 25
41 28 16
41 32 19
41 33 16
41 35 15
41 36 37
41 39 20
41 44 28
41 45 33
41 46 33
41 47 33
41 50 20
41 55 20
41 58 25
41 59 18
41 61 16
41 63 16
41 64 18
41 66 40
41 68 15
41 74 16
41 77 16
41 78 60
41 79 16
41 80 15
42 8 22
42 22 19
42 28 24
42 32 17
42 33 20
42 35 18
42 37 16
42 38 19
42 46 15
42 48 17
42 50 17
42 56 21
42 57 17
42 65 17
42 69 15
42 71 16
42 80 20
43 1 16
43 3 20
43 5 25
43 15 33
43 19 33
43 20 20
43 22 33
43 23 25
43 27 20
43 36 28
43 44 40
43 46 20
43 47 50
43 50 25
43 55 33
43 61 25
43 65 15
43 66 25
43 69 18
43 75 15
43 77 25
43 78 20
43 79 25
44 3 75
44 5 20
44 7 20
44 9 22
44 11 15
44 18 28
44 19 25
44 20 75
44 22 28
44 27 16
44 28 17
44 36 25
44 37 18
44 41 28
44 43 40
44 45 16
44 46 40
44 47 40
44 50 37
44 53 20
44 55 25
44 58 16
44 59 20
44 60 23
44 61 50
44 66 50
44 68 27
44 69 16
44 75 20
44 77 50
44 78 40
44 79 50
44 80 16
45 3 20
45 4 25
45 5 25
45 7 66
45 9 25
45 18 60
45 20 20
45 22 33
45 27 20
45 34 22
45 36 28
45 39 33
45 40 40
45 41 33
45 44 16
45 46 50
45 47 20
45 58 18
45 63 25
45 64 22
45 66 25
45 74 25
45 78 50
45 79 25
45 80 18
46 1 16
46 3 20
46 4 25
46 5 66
46 7 66
46 9 25
46 11 16
46 18 60
46 20 20
46 22 60
46 28 18
46 36 28
46 37 20
46 38 16
46 39 33
46 40 16
46 41 33
46 42 15
46 43 20
46 44 40
46 45 50
46 47 20
46 50 25
46 52 20
46 53 22
46 58 18
46 60 15
46 63 25
46 64 22
46 66 25
46 69 18
46 74 25
46 78 50
46 79 66
46 80 18
47 3 50
47 7 25
47 9 25
47 15 33
47 19 33
47 20 50
47 22 33
47 23 25
47 27 20
47 36 50
47 41 33
47 43 50
47 44 40
47 45 20
47 46 20
47 50 25
47 55 33
47 58 18
47 59 22
47 61 25
47 65 15
47 66 66
47 68 18
47 69 18
47 75 15
47 77 25
47 78 50
47 79 25
48 14 16
48 28 19
48 33 15
48 42 17
48 52 24
48 57 20
48 60 17
48 64 20
48 76 21
48 80 29
48 85 17
49 2 15
49 9 18
49 13 21
49 33 15
49 37 15
49 50 18
49 75 18
49 83 15
50 2 27
50 3 25
50 9 40
50 11 20
50 13 20
50 14 16
50 18 20
50 20 25
50 22 20
50 28 21
50 29 23
50 32 17
50 33 21
50 36 18
50 37 33
50 38 20
50 41 20
50 42 17
50 43 25
50 44 37
50 46 25
50 47 25
50 49 18
50 52 15
50 53 25
50 54 28
50 56 17
50 57 17
50 58 30
50 59 36
50 60 26
50 62 21
50 64 25
50 65 17
50 66 28
50 69 21
50 72 17
50 73 25
50 75 22
50 78 25
50 79 28
50 84 15
50 85 17
52 9 15
52 11 18
52 14 24
52 17 15
52 18 17
52 22 17
52 30 16
52 37 20
52 46 20
52 48 24
52 50 15
52 53 21
52 54 20
52 58 25
52 60 17
52 64 35
52 65 16
52 67 29
52 69 19
52 71 19
53 9 15
53 11 26
53 18 18
53 22 18
53 37 30
53 44 20
53 46 22
53 50 25
53 52 21
53 54 16
53 56 16
53 60 17
53 67 16
53 69 20
53 75 16
53 79 25
54 1 20
54 2 28
54 9 17
54 11 24
54 13 15
54 14 20
54 16 15
54 28 16
54 29 30
54 30 21
54 32 17
54 33 16
54 35 18
54 37 26
54 38 24
54 50 28
54 52 20
54 53 16
54 56 25
54 58 15
54 59 21
54 62 24
54 65 25
54 67 21
54 72 21
54 73 22
54 75 21
54 81 21
54 83 16
54 84 20
54 85 22
55 3 33
55 19 100
55 20 33
55 27 33
55 36 16
55 41 20
55 43 33
55 44 25
55 47 33
55 61 50
55 66 50
55 77 50
55 78 33
56 11 24
56 13 15
56 21 17
56 28 16
56 30 21
56 32 25
56 33 20
56 35 22
56 37 16
56 42 21
56 50 17
56 53 16
56 54 25
56 65 21
56 69 15
56 75 17
56 84 20
57 9 17
57 16 15
57 28 20
57 29 17
57 32 17
57 33 24
57 35 18
57 42 17
57 48 20
57 50 17
57 58 15
57 70 19
57 73 17
57 76 15
57 78 15
57 80 20
57 83 16
57 85 17
58 3 18
58 7 20
58 8 15
58 9 41
58 13 17
58 16 17
58 18 15
58 20 18
58 22 15
58 28 18
58 29 20
58 32 15
58 33 18
58 36 23
58 41 25
58 44 16
58 45 18
58 46 18
58 47 18
58 50 30
58 52 25
58 54 15
58 57 15
58 59 28
58 60 15
58 64 38
58 66 20
58 67 15
58 69 17
58 72 15
58 73 21
58 78 30
58 80 17
58 85 21
59 2 20
59 3 22
59 8 16
59 9 36
59 13 19
59 20 22
59 29 15
59 36 16
59 41 18
59 44 20
59 47 22
59 50 36
59 54 21
59 58 28
59 60 17
59 64 23
59 66 25
59 72 27
59 73 23
59 78 22
60 3 15
60 9 18
60 11 15
60 14 17
60 20 15
60 29 18
60 37 16
60 44 23
60 46 15
60 48 17
60 50 26
60 52 17
60 53 17
60 58 15
60 59 17
60 64 25
60 65 18
60 68 22
60 69 15
60 70 16
60 79 16
60 80 15
61 3 66
61 19 50
61 20 66
61 27 25
61 41 16
61 43 25
61 44 50
61 47 25
61 55 50
61 66 33
61 68 20
61 77 100
61 78 25
62 2 18
62 11 17
62 30 16
62 50 21
62 54 24
62 81 16
62 85 16
63 4 100
63 5 33
63 7 33
63 18 40
63 22 16
63 36 33
63 39 50
63 40 20
63 41 16
63 45 25
63 46 25
63 74 100
63 78 25
63 82 25
64 7 25
64 9 36
64 11 18
64 14 16
64 16 20
64 18 18
64 22 18
64 29 15
64 36 16
64 41 18
64 45 22
64 46 22
64 48 20
64 50 25
64 52 35
64 58 38
64 59 23
64 60 25
64 67 16
64 69 20
64 71 15
64 73 16
64 78 22
64 80 20
64 85 16
65 11 19
65 14 28
65 28 20
65 32 17
65 42 17
65 43 15
65 47 15
65 50 17
65 52 16
65 54 25
65 56 21
65 60 18
65 67 25
65 68 15
65 69 15
65 73 17
65 75 17
66 3 66
66 7 33
66 8 15
66 9 28
66 18 16
66 19 50
66 20 66
66 22 16
66 27 25
66 36 33
66 41 40
66 43 25
66 44 50
66 45 25
66 46 25
66 47 66
66 50 28
66 55 50
66 58 20
66 59 25
66 61 33
66 68 20
66 73 15
66 77 33
66 78 66
66 79 33
67 16 15
67 30 17
67 52 29
67 53 16
67 54 21
67 58 15
67 64 16
67 65 25
67 85 17
68 3 30
68 18 15
68 20 30
68 36 23
68 41 15
68 44 27
68 47 18
68 60 22
68 61 20
68 65 15
68 66 20
68 72 20
68 73 21
68 75 15
68 77 20
68 78 18
69 11 16
69 14 19
69 18 25
69 22 25
69 36 23
69 37 26
69 42 15
69 43 18
69 44 16
69 46 18
69 47 18
69 50 21
69 52 19
69 53 20
69 56 15
69 58 17
69 60 15
69 64 20
69 65 15
69 70 17
69 75 15
69 79 20
69 81 20
70 14 29
70 28 18
70 57 19
70 60 16
70 69 17
70 72 16
71 22 22
71 28 15
71 32 16
71 42 16
71 52 19
71 64 15
72 2 24
72 9 22
72 13 19
72 14 17
72 16 15
72 28 16
72 29 21
72 33 28
72 50 17
72 54 21
72 58 15
72 59 27
72 68 20
72 70 16
72 73 37
72 75 17
73 2 16
73 9 25
73 13 20
73 14 21
73 16 21
73 28 26
73 29 22
73 33 26
73 50 25
73 54 22
73 57 17
73 58 21
73 59 23
73 64 16
73 65 17
73 66 15
73 68 21
73 72 37
73 75 17
73 80 15
73 83 15
74 4 100
74 5 33
74 7 33
74 18 40
74 22 16
74 36 33
74 39 50
74 40 20
74 41 16
74 45 25
74 46 25
74 63 100
74 78 25
74 82 25
75 3 15
75 9 17
75 13 15
75 14 17
75 20 15
75 21 17
75 33 16
75 35 15
75 36 18
75 37 16
75 43 15
75 44 20
75 47 15
75 49 18
75 50 22
75 53 16
75 54 21
75 56 17
75 65 17
75 68 15
75 69 15
75 72 17
75 73 17
75 84 20
76 40 15
76 48 21
76 57 15
76 80 21
77 3 66
77 19 50
77 20 66
77 27 25
77 41 16
77 43 25
77 44 50
77 47 25
77 55 50
77 61 100
77 66 33
77 68 20
77 78 25
78 3 50
78 4 25
78 5 25
78 7 66
78 9 42
78 18 33
78 19 33
78 20 50
78 22 33
78 27 20
78 28 18
78 32 15
78 33 18
78 36 50
78 39 33
78 40 16
78 41 60
78 43 20
78 44 40
78 45 50
78 46 50
78 47 50
78 50 25
78 55 33
78 57 15
78 58 30
78 59 22
78 61 25
78 63 25
78 64 22
78 66 66
78 68 18
78 74 25
78 77 25
78 79 25
78 80 18
79 1 20
79 3 25
79 5 33
79 7 33
79 11 18
79 18 40
79 20 25
79 22 40
79 37 22
79 41 16
79 43 25
79 44 50
79 45 25
79 46 66
79 47 25
79 50 28
79 53 25
79 60 16
79 66 33
79 69 20
79 78 25
80 3 18
80 7 20
80 9 21
80 16 17
80 18 15
80 20 18
80 22 15
80 28 18
80 33 23
80 35 16
80 38 16
80 40 16
80 41 15
80 42 20
80 44 16
80 45 18
80 46 18
80 48 29
80 57 20
80 58 17
80 60 15
80 64 20
80 73 15
80 76 21
80 78 18
80 83 18
80 85 27
81 1 20
81 11 24
81 14 17
81 54 21
81 62 16
81 69 20
81 84 29
82 4 25
82 63 25
82 74 25
83 1 18
83 16 18
83 29 27
83 30 16
83 33 25
83 35 22
83 38 33
83 49 15
83 54 16
83 57 16
83 73 15
83 80 18
83 84 20
83 85 22
84 29 16
84 50 15
84 54 20
84 56 20
84 75 20
84 81 29
84 83 20
85 7 15
85 9 17
85 16 15
85 30 17
85 32 17
85 33 16
85 37 15
85 48 17
85 50 17
85 54 22
85 57 17
85 58 21
85 62 16
85 64 16
85 67 17
85 80 27
85 83 22
